1,Maroa,Garcoa,1,2,3,4,5
2,Joso,Rodroguez,6,7,8,9,10
3,Ana,Porez,11,12,13,14,15
4,Luis,Gonzolez,16,17,18,19,20
5,Sofoa,Hernondez,21,22,23,24,25
6,Carlos,Ruiz,26,27,28,29,30
7,Laura,Sonchez,31,32,33,34,35
8,Pablo,Fernondez,36,37,38,39,40
9,Isabella,Alvarez,1,3,5,7,9,11,13,15,17,19,21,23,25,27,29,31,33,35,37,39
10,Emilio,Gomez,2,4,6,8,10,12,14,16,18,20,22,24,26,28,30,32,34,36,38,40
11,Valentina,Martonez,1,4,7,10,13,16,19,22,25,28,31,34,37
12,Andros,Flores,2,5,8,11,14,17,20,23,26,29,32,35,38
13,Camila,olvarez,3,6,9,12,15,18,21,24,27,30,33,36,39
14,Diego,Ramorez,1,5,9,13,17,21,25,29,33,37
15,Lucoa,Acosta,2,6,10,14,18,22,26,30,34,38
16,Mateo,Rojas,3,7,11,15,19,23,27,31,35,39
17,Isabel,Sosa,4,8,12,16,20,24,28,32,36,40
18,Sebastion,Torres,1,6,11,16,21,26,31,36
19,Valeria,Castro,2,7,12,17,22,27,32,37
20,Juan,Pereira,3,8,13,18,23,28,33,38
21,Carolina,Rivero,4,9,14,19,24,29,34,39
22,Gabriel,Mondez,5,10,15,20,25,30,35,40
23,Mariana,Blanco,1,7,13,19,25,31,37
24,Francisco,Moreno,2,8,14,20,26,32,38
25,Victoria,Domonguez,3,9,15,21,27,33,39
26,Matoas,Benotez,4,10,16,22,28,34,40
27,Martina,Gimonez,1,8,15,22,29,36
28,Aguston,Cabrera,2,9,16,23,30,37
29,Renata,Ferrer,3,10,17,24,31,38
30,Leonardo,Navarro,4,11,18,25,32,39
31,Florencia,Rodrigo,5,12,19,26,33,40
32,Maximiliano,Alonso,1,9,17,25,33,41
33,Julia,Blanco,2,10,18,26,34,42
34,Emiliano,Moreira,3,11,19,27,35,43
35,Isidora,Barrios,4,12,20,28,36,44
36,Tomos,Bravo,5,13,21,29,37,45
37,Antonella,Medina,6,14,22,30,38,46
38,Joaquon,Leiva,7,15,23,31,39,47
39,Constanza,Ortiz,8,16,24,32,40,48
40,Benjamon,Silva,9,17,25,33,41,49
41,Valenton,Rodroguez,10,18,26,34,42,50
42,Emilia,Gonzolez,11,19,27,35,43
43,Francisca,Porez,12,20,28,36,44
44,Agustina,Ruiz,13,21,29,37,45
45,Manuel,Sonchez,14,22,30,38,46
46,Isabella,Fernondez,15,23,31,39,47
47,Diego,Garcoa,16,24,32,40,48
48,Maroa,Alvarez,17,25,33,41,49
49,Lucas,Rodroguez,18,26,34,42,50
50,Valentina,Porez,19,27,35,43
